% Load_Continental_US_Polygon_Csph
% on face 1. Excludes a bit of the lower bit, but still gets the most. 

CONTUS = [ -124.3952   47.6131
 -123.9113   46.6496
 -123.9113   45.3358
 -123.9113   44.5474
 -124.2339   43.7591
 -124.3952   42.8832
 -124.2339   42.0073
 -124.0726   41.2190
 -124.3952   40.6058
 -123.9113   39.3796
 -123.5887   38.9416
 -122.9435   38.7664
 -122.6210   37.8905
 -122.6210   37.5401
 -121.9758   36.9270
 -121.3306   35.9635
 -120.8468   35.2628
 -120.8468   34.9124
 -120.0403   34.5620
 -119.2339   34.2993
 -118.1048   33.8613
 -117.7823   33.0730
 -117.1371   32.8102
 -115.3629   32.8102
 -114.0726   32.2847
 -112.6210   31.8467
 -108.1048   31.9343
 -106.3306   31.7591
  -80.6855   31.8467
  -78.7500   33.3358
  -77.4597   34.2117
  -76.4919   34.9124
  -75.2016   35.4380
  -75.6855   36.6642
  -75.5242   37.7153
  -75.2016   38.6788
  -74.3952   39.8175
  -73.7500   40.1679
  -71.4919   41.1314
  -70.0403   41.4818
  -70.6855   42.2701
  -70.6855   42.7956
  -70.0403   43.4964
  -67.9435   44.4599
  -67.2984   44.9854
  -67.7823   46.1241
  -67.9435   47.0876
  -68.7500   47.2628
  -69.2339   47.3504
  -70.5242   45.7737
  -71.4919   44.8978
  -74.8790   44.9854
  -76.0081   44.2847
  -76.3306   43.5839
  -77.1371   43.3212
  -78.5887   43.4964
  -78.9113   43.2336
  -78.9113   42.8832
  -79.0726   42.6204
  -79.5565   42.6204
  -79.8790   42.3577
  -80.6855   42.0949
  -82.1371   41.6569
  -82.6210   41.6569
  -83.1048   41.7445
  -83.2661   42.0073
  -83.1048   42.5328
  -82.2984   42.7956
  -82.4597   43.5839
  -82.6210   43.9343
  -82.9435   44.1095
  -83.7500   43.7591
  -83.4274   44.3723
  -83.4274   44.8102
  -83.4274   45.3358
  -84.7177   45.7737
  -84.8790   45.9489
  -83.5887   45.9489
  -84.3952   46.2117
  -84.3952   46.2117
  -85.2016   46.4745
  -85.2016   46.7372
  -86.4919   46.5620
  -87.6210   46.5620
  -88.2661   47.0876
  -87.7823   47.3504
  -88.2661   47.4380
  -89.5565   47.0000
  -90.6855   46.7372
  -90.5242   47.0000
  -92.2984   46.7372
  -91.0081   47.6131
  -89.7177   47.9635
  -90.6855   48.2263
  -92.4597   48.2263
  -93.4274   48.7518
  -94.3952   48.7518
  -94.7177   49.2774
  -95.3629   49.2774
  -95.3629   49.1898
  -96.0081   49.1022
 -121.9758   49.0146
 -123.1048   49.0146
 -122.9435   48.2263
 -122.9435   47.7883
 -124.5565   48.4891
 -124.5565   48.0511];

Continental_US_Lon = CONTUS(:,1);
Continental_US_Lat = CONTUS(:,2);