% Load Western US Lats,Lon Polygon

WestPoly = [-124.5244   47.3187
 -124.5244   45.3601
 -124.5244   43.4016
 -124.3761   40.7651
 -123.1892   38.5806
 -122.0024   36.1701
 -121.2606   33.9855
 -119.3320   32.9309
 -115.7715   32.4790
 -112.3594   31.6504
 -108.3538   31.1984
 -106.4252   32.8556
 -106.7219   36.0947
 -106.7219   39.6352
 -109.0956   44.0796
 -112.2110   46.4901
 -116.0682   47.4693
 -121.7057   48.1473
 -122.4475   48.2980];
WestPoly = [ -118.7386   41.2171
 -120.2222   41.5184
 -123.0409   41.5184
 -122.7442   39.4092
 -122.4475   38.0533
 -120.8156   35.2661
 -120.2222   33.5336
 -118.5903   33.1569
 -115.9199   32.5543
 -114.1396   32.7050
 -114.8814   34.1362
 -115.3265   35.7181
 -116.0682   37.6766
 -117.5518   39.7105
 -118.5903   40.8404
 -119.1837   41.8197];
WestLon = WestPoly(:,1);
WestLat = WestPoly(:,2);
