%% Get YellowStone Polygon
% Load_YellowStone_US_Polygon_Csph_Try2
YellowPoly = [ -115.7715   43.4016
 -115.1781   43.8536
 -114.7330   44.2302
 -113.9913   44.8328
 -113.1011   45.3601
 -112.3594   45.5108
 -111.0242   45.8874
 -110.1340   45.8874
 -108.9472   45.4355
 -108.6505   44.7575
 -108.2054   43.9289
 -108.3538   43.6276
 -110.1340   43.4016
 -111.1725   43.5523
 -112.0627   43.1003
 -113.2495   42.2717
 -114.4363   42.4977
 -114.8814   42.7990];
YellowStoneLon = YellowPoly(:,1);
YellowStoneLat = YellowPoly(:,2);