%Load_Continental_US_Polygon_Csph_Try2

REALCONTUS=[
 -124.3952   48.2263
 -124.3952   47.6131
 -124.0726   47.0000
 -123.5887   46.7372
 -123.7500   45.2482
 -124.2339   43.9343
 -124.2339   43.2336
 -124.3952   42.7956
 -123.9113   42.0073
 -123.9113   41.1314
 -124.5565   40.5182
 -123.5887   39.7299
 -123.1048   38.7664
 -122.6210   37.8905
 -121.9758   37.1898
 -121.8145   36.6642
 -121.8145   36.4015
 -121.0081   35.1752
 -120.6855   34.6496
 -119.8790   34.3869
 -119.2339   34.2993
 -118.5887   33.9489
 -118.1048   33.6861
 -117.6210   33.5985
 -116.9758   32.7226
 -116.0081   32.8102
 -114.7177   32.7226
 -114.7177   32.5474
 -111.1694   31.4088
 -108.2661   31.4088
 -108.2661   31.7591
 -106.8145   31.7591
 -105.6855   31.3212
 -104.8790   30.6204
 -104.5565   29.8321
 -103.7500   29.3066
 -103.1048   29.1314
 -102.6210   29.6569
 -102.1371   29.8321
 -101.4919   29.7445
 -100.6855   29.1314
 -100.2016   28.5182
  -99.5565   27.7299
  -99.2339   26.9416
  -99.0726   26.5036
  -98.1048   26.2409
  -97.4597   26.0657
  -97.1371   26.0657
  -97.6210   27.2044
  -97.1371   27.9927
  -96.3306   28.6934
  -94.8790   28.9562
  -94.2339   29.6569
  -93.2661   29.8321
  -92.7823   29.5693
  -91.6532   29.6569
  -91.3306   29.4818
  -90.8468   29.3066
  -89.7177   29.4818
  -89.2339   29.1314
  -89.3952   29.5693
  -89.3952   30.0949
  -88.9113   30.3577
  -88.2661   30.2701
  -86.9758   30.3577
  -86.0081   30.3577
  -85.3629   29.9197
  -85.0403   29.8321
  -84.0726   30.0949
  -82.9435   29.1314
  -82.7823   27.9927
  -82.1371   26.9416
  -81.4919   26.1533
  -81.3306   25.8905
  -80.0403   25.8905
  -80.3629   27.6423
  -80.5242   28.2555
  -81.0081   29.6569
  -81.1694   30.5328
  -81.1694   31.3212
  -80.5242   32.2847
  -79.2339   33.2482
  -78.1048   33.9489
  -77.2984   34.5620
  -76.4919   34.5620
  -75.3629   35.2628
  -75.6855   36.4015
  -76.1694   36.8394
  -75.2016   37.4526
  -75.2016   38.1533
  -74.8790   39.0292
  -74.0726   39.8175
  -74.0726   40.5182
  -72.6210   40.8686
  -71.3306   41.3066
  -70.2016   41.3942
  -70.2016   42.0073
  -70.5242   42.4453
  -70.6855   42.8832
  -70.0403   43.8467
  -69.0726   44.2847
  -67.1371   44.6350
  -67.1371   44.8978
  -67.6210   45.5985
  -67.7823   47.0000
  -68.4274   47.2628
  -68.7500   47.2628
  -69.2339   47.4380
  -70.5242   45.7737
  -71.0081   45.3358
  -72.1371   45.0730
  -74.3952   44.9854
  -75.3629   44.5474
  -76.0081   44.1095
  -76.0081   43.5839
  -76.9758   43.3212
  -77.9435   43.4964
  -79.0726   43.2336
  -78.9113   42.4453
  -80.6855   41.7445
  -82.2984   41.4818
  -83.1048   41.7445
  -82.4597   43.0584
  -82.4597   44.1095
  -83.5887   43.7591
  -83.5887   44.2847
  -83.5887   44.8102
  -84.0726   45.5109
  -84.7177   45.8613
  -84.8790   46.0365
  -83.4274   46.0365
  -84.2339   46.3869
  -84.2339   46.4745
  -85.0403   46.4745
  -85.0403   46.8248
  -86.8145   46.4745
  -87.7823   47.0876
  -87.6210   47.6131
  -89.2339   46.8248
  -90.2016   46.6496
  -90.3629   47.0000
  -92.1371   46.8248
  -91.8145   47.3504
  -89.5565   47.9635
  -91.0081   48.1387
  -91.6532   48.0511
  -92.7823   48.5766
  -93.5887   48.5766
  -94.7177   48.9270
  -94.7177   49.1898
  -94.8790   49.1898
  -95.0403   49.1022
 -122.4597   49.0146
 -122.4597   48.5766
 -122.4597   48.3139
 -123.4274   48.2263
 -124.2339   48.3139];

Continental_US_Lon = REALCONTUS(:,1);
Continental_US_Lat = REALCONTUS(:,2);

% % Verify?
% borders('continental us','nomap')
% hold on
% plot(Continental_US_Lon,Continental_US_Lat)