%% NWUS Tomo Model Bounds

NWUSModelPoly = [ -121.2072   35.9237
 -104.0193   35.7596
 -104.0193   49.3014
 -122.7986   49.3014
 -123.5944   48.8910
 -124.0718   47.8241
 -123.5944   46.4289
 -123.9126   45.2799
 -124.2309   44.2950
 -124.2309   43.4743
 -124.0718   41.5046
 -123.4352   40.7660
 -123.4352   40.1094
 -123.5944   39.9453
 -123.5944   39.4528
 -122.9578   38.4680
 -122.4803   37.4831
 -122.3212   36.9086];

NWUSModelLon = NWUSModelPoly(:,1);
NWUSModelLat = NWUSModelPoly(:,2);